## n_timeseries: 1
##
## facility | varname | length
## ---------+---------+-------
##      SPT   weather_tau225     1260
##
## x: timestamp [seconds since 1970-01-01 UTC]
## y: value
## x_from:  0 (1970-01-01 00:00:00 +0000 UTC)
## x_until: 1634634620 (2021-10-19 09:10:20 +0000 UTC)
##
# SPT weather_tau225 1260
1618569956 0.0593103
1618570204 0.0627586
1618581601 0.0582759
1618581814 0.0582759
1618582217 0.0582759
1618582359 0.06
1618583103 0.0575862
1618583847 0.0617241
1618584777 0.0589655
1618585322 0.0589655
1618585508 0.0586207
1618586252 0.0562069
1618587802 0.0575862
1618588546 0.0589655
1618589290 0.0596552
1618590034 0.0575862
1618590778 0.0589655
1618591522 0.0586207
1618592266 0.0589655
1618593010 0.0610345
1618593754 0.0655172
1618594560 0.06
1618595304 0.0582759
1618596048 0.0596552
1618596916 0.0624138
1618597660 0.06
1618598466 0.0558621
1618599210 0.0613793
1618599954 0.0575862
1618600698 0.062069
1618601442 0.06
1618602186 0.0641379
1618603674 0.0624138
1618604418 0.062069
1618605224 0.0637931
1618605968 0.0613793
1618606712 0.062069
1618607456 0.0603448
1618608200 0.0582759
1618609130 0.0593103
1618609874 0.0596552
1618610618 0.0631034
1618611362 0.0624138
1618612106 0.0596552
1618612850 0.0631034
1618613594 0.0634483
1618614338 0.0596552
1618615082 0.0586207
1618615826 0.062069
1618616632 0.0582759
1618617376 0.0551724
1618618120 0.0568966
1618618864 0.06
1618619608 0.0558621
1618620352 0.0610345
1618621096 0.0548276
1618622026 0.0572414
1618622770 0.0555172
1618623514 0.0572414
1618623782 0.0572414
1618623822 0.0572414
1618624256 0.0568966
1618624614 0.0568966
1618624986 0.0555172
1618625792 0.0548276
1618627280 0.0541379
1618628024 0.0537931
1618629512 0.0534483
1618630256 0.0493103
1618631000 0.0472414
1618631744 0.05
1618632550 0.0486207
1618633294 0.0503448
1618634038 0.0472414
1618634906 0.0465517
1618635650 0.0472414
1618636456 0.0455172
1618637200 0.0475862
1618637200 0.0475862
1618637200 0.0475862
1618637944 0.0434483
1618638688 0.042069
1618639432 0.0410345
1618640176 0.0406897
1618640920 0.0427586
1618641664 0.0406897
1618643214 0.0386207
1618643958 0.0382759
1618643958 0.0382759
1618644702 0.0375862
1618645446 0.037931
1618646314 0.0365517
1618646314 0.0365517
1618647058 0.0396552
1618647058 0.0396552
1618647864 0.037931
1618648608 0.0375862
1618649352 0.0413793
1618650096 0.037931
1618650840 0.0389655
1618651584 0.0372414
1618652328 0.0362069
1618652688 0.0362069
1618652739 0.0362069
1618653097 0.0372414
1618653097 0.0372414
1618653097 0.0372414
1618653841 0.037931
1618654572 0.0372414
1618655316 0.0344828
1618656073 0.0358621
1618656878 0.0406897
1618657622 0.0386207
1618658490 0.0393103
1618659234 0.0375862
1618659234 0.0375862
1618659978 0.0393103
1618661528 0.04
1618662271 0.0403448
1618663015 0.0389655
1618663759 0.0386207
1618664503 0.0417241
1618665247 0.0424138
1618665247 0.0424138
1618665991 0.0382759
1618666776 0.0396552
1618667520 0.0389655
1618668264 0.0386207
1618669008 0.0413793
1618669752 0.042069
1618670682 0.0406897
1618671426 0.0431034
1618672170 0.0413793
1618672914 0.0372414
1618673658 0.0410345
1618675146 0.0396552
1618675890 0.0403448
1618676696 0.0410345
1618677440 0.0403448
1618678184 0.04
1618678928 0.0375862
1618679672 0.0386207
1618680416 0.0413793
1618680416 0.0413793
1618680416 0.0413793
1618681160 0.0424138
1618681904 0.042069
1618682648 0.0396552
1618683578 0.0434483
1618684322 0.0437931
1618685810 0.0441379
1618685810 0.0441379
1618686554 0.0455172
1618687298 0.047931
1618688109 0.0503448
1618688853 0.0475862
1618689597 0.0493103
1618690341 0.0489655
1618691085 0.0493103
1618691829 0.0472414
1618692573 0.0482759
1618693317 0.0475862
1618693317 0.0475862
1618693317 0.0475862
1618694061 0.0468966
1618694805 0.0465517
1618695611 0.0503448
1618696355 0.0506897
1618697223 0.0472414
1618697223 0.0472414
1618697967 0.0493103
1618698711 0.0513793
1618699517 0.0503448
1618699517 0.0503448
1618700261 0.047931
1618701005 0.0486207
1618701749 0.0475862
1618702493 0.0486207
1618703237 0.0448276
1618703981 0.0468966
1618704725 0.0482759
1618705469 0.0448276
1618705469 0.0448276
1618706275 0.0441379
1618707019 0.0462069
1618707763 0.0486207
1618708631 0.0455172
1618709375 0.0458621
1618710181 0.0462069
1618710925 0.0451724
1618711669 0.0468966
1618712413 0.0434483
1618713157 0.0441379
1632997801 0.0575862
1632998114 0.0575862
1632998297 0.0551724
1632999031 0.0562069
1632999763 0.0541379
1632999763 0.0541379
1633000553 0.0524138
1633001409 0.0572414
1633002203 0.0575862
1633002937 0.0548276
1633003671 0.0537931
1633004403 0.0544828
1633005199 0.0558621
1633005933 0.057931
1633006573 0.057931
1633006734 0.0548276
1633007404 0.057931
1633008200 0.0589655
1633008932 0.057931
1633010465 0.0586207
1633011201 0.0596552
1633011931 0.0534483
1633011931 0.0534483
1633012662 0.0541379
1633013583 0.0531034
1633014316 0.0517241
1633015108 0.0551724
1633015839 0.0558621
1633016569 0.0513793
1633017362 0.0541379
1633018093 0.0555172
1633018824 0.0589655
1633019620 0.0541379
1633020354 0.052069
1633021087 0.0541379
1633021827 0.052069
1633022619 0.0562069
1633022619 0.0562069
1633023352 0.0548276
1633024086 0.0551724
1633024878 0.0548276
1633025735 0.0565517
1633027266 0.057931
1633028002 0.0555172
1633028738 0.0565517
1633029532 0.0551724
1633030266 0.0558621
1633030998 0.0555172
1633031734 0.0575862
1633032528 0.052069
1633033265 0.0551724
1633034007 0.0527586
1633034742 0.0534483
1633035532 0.0537931
1633036266 0.0524138
1633036998 0.0565517
1633037793 0.0562069
1633038654 0.0524138
1633039387 0.0527586
1633040185 0.0558621
1633040919 0.0544828
1633041656 0.0531034
1633042392 0.0541379
1633043037 0.0541379
1633043158 0.0551724
1633043890 0.0510345
1633044682 0.0534483
1633045414 0.0510345
1633046144 0.0544828
1633047670 0.0527586
1633048404 0.0548276
1633049196 0.0537931
1633051582 0.0527586
1633052314 0.052069
1633053108 0.0524138
1633053838 0.0527586
1633054574 0.0531034
1633055306 0.0537931
1633056100 0.052069
1633056830 0.0531034
1633057562 0.052069
1633058354 0.0493103
1633059090 0.0510345
1633059824 0.0489655
1633060614 0.0482759
1633061354 0.047931
1633062084 0.0503448
1633063002 0.0510345
1633063734 0.0503448
1633064468 0.0489655
1633065264 0.0496552
1633065994 0.0493103
1633067518 0.0475862
1633068252 0.0503448
1633068986 0.0493103
1633069718 0.0503448
1633070514 0.0493103
1633071246 0.0503448
1633071976 0.052069
1633072766 0.0482759
1633073496 0.0510345
1633074224 0.0493103
1633075140 0.0503448
1633075874 0.0510345
1633077400 0.0486207
1633078130 0.0472414
1633078130 0.0472414
1633079658 0.0506897
1633080390 0.0496552
1633081126 0.047931
1633081922 0.0489655
1633082656 0.0486207
1633083382 0.0482759
1633084174 0.0486207
1633084174 0.0486207
1633084174 0.0486207
1633084906 0.0472414
1633085640 0.0462069
1633086434 0.0468966
1633088084 0.0427586
1633088814 0.0441379
1633089542 0.0448276
1633090336 0.0437931
1633091068 0.0434483
1633091798 0.0410345
1633092592 0.0389655
1633093324 0.0437931
1633094058 0.04
1633094792 0.0406897
1633095584 0.037931
1633096312 0.0382759
1633097046 0.0406897
1633097838 0.0368966
1633099304 0.0389655
1633100216 0.0386207
1633100954 0.037931
1633102482 0.0348276
1633103218 0.0368966
1633103956 0.0351724
1633104754 0.0348276
1633105486 0.0358621
1633106214 0.0355172
1633107010 0.0372414
1633107746 0.0362069
1633108480 0.0348276
1633109214 0.0358621
1633110002 0.0334483
1633110742 0.0337931
1633111474 0.0375862
1633113122 0.0351724
1633113916 0.0365517
1633113916 0.0365517
1633114652 0.0372414
1633115388 0.0368966
1633116124 0.0358621
1633116918 0.0344828
1633117648 0.0337931
1633118384 0.0355172
1633120642 0.0358621
1633121374 0.0365517
1633122170 0.0355172
1633122906 0.0365517
1633123642 0.0344828
1633124372 0.0355172
1633125290 0.0368966
1633126078 0.0386207
1633126814 0.0365517
1633127554 0.0375862
1633128286 0.0368966
1633129810 0.0365517
1633131332 0.0372414
1633132800 0.0365517
1633134332 0.0389655
1633135798 0.0348276
1633137450 0.037931
1633139710 0.0368966
1633140446 0.0375862
1633141240 0.0344828
1633141972 0.0362069
1633142706 0.0344828
1633143498 0.0355172
1633144230 0.0348276
1633144962 0.0386207
1633145698 0.0358621
1633146488 0.0365517
1633147220 0.037931
1633147950 0.0355172
1633148870 0.0362069
1633149600 0.0382759
1633150400 0.037931
1633151134 0.0355172
1633151864 0.0368966
1633152598 0.0365517
1633153390 0.0351724
1633154120 0.0382759
1633154852 0.0362069
1633155644 0.0386207
1633156376 0.0375862
1633157108 0.0368966
1633157900 0.0365517
1633158634 0.0355172
1633159368 0.0365517
1633160160 0.0355172
1633160894 0.0375862
1633162544 0.0389655
1633162544 0.0389655
1633163276 0.0375862
1633164012 0.037931
1633164810 0.0358621
1633165542 0.0372414
1633166278 0.0362069
1633167014 0.0365517
1633167806 0.0403448
1633168538 0.037931
1633168538 0.037931
1633168538 0.037931
1633169268 0.0393103
1633170062 0.0375862
1633170794 0.037931
1633171522 0.0368966
1633172314 0.0382759
1633173780 0.0417241
1633174572 0.0406897
1633174572 0.0406897
1633175428 0.0413793
1633176220 0.042069
1633176956 0.0431034
1633177686 0.042069
1633178476 0.0444828
1633179210 0.0431034
1633179950 0.0417241
1633180684 0.0410345
1633180684 0.0410345
1633181480 0.042069
1633182214 0.0444828
1633182946 0.0431034
1633183740 0.0424138
1633184476 0.0431034
1633185942 0.0451724
1633186734 0.0434483
1633187588 0.0417241
1633188380 0.0413793
1633189112 0.0396552
1633189844 0.0417241
1633190634 0.0424138
1633191368 0.0441379
1633192100 0.0417241
1633192896 0.0427586
1633193628 0.0437931
1633194354 0.042069
1633195092 0.0413793
1633195886 0.0410345
1633196616 0.0417241
1633197344 0.0382759
1633198136 0.0413793
1633198866 0.0403448
1633199788 0.04
1633200518 0.0389655
1633201252 0.0393103
1633202046 0.0386207
1633202776 0.037931
1633203510 0.0368966
1633204302 0.04
1633205030 0.0375862
1633205770 0.0372414
1633206502 0.0351724
1633207298 0.0317241
1633208034 0.0358621
1633208766 0.0341379
1633209562 0.0382759
1633210296 0.0317241
1633211030 0.0351724
1633211950 0.0337931
1633212686 0.0331034
1633213416 0.0341379
1633214216 0.0355172
1633214952 0.0351724
1633215686 0.0324138
1633216420 0.0341379
1633217212 0.0351724
1633217944 0.0334483
1633218674 0.0337931
1633219468 0.0355172
1633220202 0.0327586
1633220932 0.0362069
1633221728 0.0355172
1633222458 0.0358621
1633223372 0.0375862
1633224104 0.0334483
1633224838 0.0341379
1633225572 0.0337931
1633226366 0.0344828
1633227096 0.0355172
1633227832 0.0331034
1633228626 0.0337931
1633229360 0.0355172
1633230092 0.0351724
1633230882 0.0344828
1633231618 0.0337931
1633232352 0.0327586
1633233088 0.0324138
1633233880 0.0341379
1633234612 0.0331034
1633235530 0.0355172
1633236262 0.0344828
1633237000 0.0331034
1633237738 0.0327586
1633238530 0.0341379
1633239996 0.0337931
1633240788 0.0341379
1633241528 0.0324138
1633242260 0.0334483
1633242994 0.0344828
1633243788 0.0368966
1633244520 0.0334483
1633245254 0.0341379
1633246050 0.0337931
1633246782 0.0334483
1633247702 0.0331034
1633248432 0.0341379
1633249160 0.0331034
1633249950 0.0351724
1633250682 0.0372414
1633251414 0.0358621
1633252148 0.0372414
1633252940 0.0362069
1633252940 0.0362069
1633253672 0.0351724
1633254404 0.0368966
1633255194 0.0382759
1633255928 0.0389655
1633256658 0.0393103
1633257452 0.0382759
1633258182 0.0393103
1633258916 0.0406897
1633259840 0.0389655
1633260568 0.0386207
1633261360 0.0382759
1633262092 0.0417241
1633262824 0.0396552
1633263616 0.037931
1633264350 0.0406897
1633265082 0.0396552
1633265812 0.0403448
1633266606 0.0393103
1633267338 0.04
1633268070 0.0386207
1633268866 0.0382759
1633269598 0.04
1633270326 0.0403448
1633271242 0.0413793
1633271976 0.0406897
1633272774 0.037931
1633273506 0.0393103
1633274238 0.04
1633275032 0.0403448
1633275760 0.0396552
1633276494 0.0393103
1633278018 0.0389655
1633278750 0.0382759
1633279482 0.0396552
1633280270 0.0386207
1633281734 0.0375862
1633282526 0.0417241
1633283258 0.04
1633283990 0.0396552
1633284910 0.0389655
1633285642 0.0406897
1633287166 0.0417241
1633287896 0.0389655
1633288688 0.0410345
1633289416 0.0424138
1633290148 0.0410345
1633290940 0.0406897
1633291676 0.0413793
1633292408 0.0427586
1633293142 0.037931
1633293938 0.0431034
1633294674 0.0413793
1633295408 0.0396552
1633296202 0.0403448
1633297052 0.0417241
1633297850 0.0403448
1633298586 0.0410345
1633299322 0.0406897
1633300056 0.042069
1633300846 0.0427586
1633301584 0.0410345
1633302314 0.0427586
1633303106 0.0437931
1633303834 0.0413793
1633304568 0.042069
1633305358 0.0424138
1633306094 0.0437931
1633306826 0.0424138
1633307558 0.0403448
1633308474 0.0424138
1633309206 0.0431034
1633309994 0.0427586
1633310726 0.0448276
1633311458 0.0434483
1633312250 0.0417241
1633312980 0.0424138
1633313718 0.0413793
1633314512 0.042069
1633315982 0.0427586
1633316714 0.0431034
1633317508 0.0441379
1633318050 0.0441379
1633318232 0.0434483
1633319018 0.0441379
1633319925 0.0424138
1633320651 0.0437931
1633321378 0.0441379
1633322166 0.0431034
1633322893 0.0441379
1633323620 0.0437931
1633324412 0.0444828
1633325138 0.0468966
1633325926 0.0444828
1633326651 0.0437931
1633327377 0.0465517
1633328165 0.0424138
1633328920 0.0424138
1633329647 0.0437931
1633330434 0.0427586
1633331159 0.0393103
1633331886 0.0372414
1633332794 0.0393103
1633333578 0.0396552
1633334306 0.0382759
1633334306 0.0382759
1633335032 0.037931
1633335818 0.0406897
1633336544 0.0389655
1633337331 0.0382759
1633337331 0.0382759
1633338058 0.037931
1633338786 0.0375862
1633339574 0.0393103
1633341086 0.0403448
1633341815 0.0382759
1633342541 0.0375862
1633343330 0.0406897
1633344055 0.0382759
1633344840 0.0389655
1633345566 0.0406897
1633346475 0.0413793
1633347985 0.042069
1633348713 0.0403448
1633349499 0.0417241
1633350225 0.0403448
1633350950 0.0389655
1633351736 0.0386207
1633352463 0.04
1633353251 0.0406897
1633353977 0.042069
1633354705 0.0382759
1633359366 0.76
1633362998 1.2731
1633364939 0.062069
1633366757 2.35828
1633368696 0.0331034
1633372451 0.0289655
1633379779 0.0758621
1633381775 0.15
1633382684 0.0855172
1633383534 0.81
1633385535 1.00103
1633386386 0.134483
1633387294 0.125172
1633388203 0.097931
1633389295 0.641379
1633390142 0.643448
1633391052 0.15069
1633391962 0.0675862
1633392872 0.0665517
1633393903 0.177586
1633394811 3.58828
1633395720 1.40276
1633396630 0.547241
1633397657 0.17931
1633397657 0.17931
1633398566 0.0965517
1633400383 0.225172
1633402322 0.162414
1633403228 0.173793
1633404134 0.209655
1633405042 0.0941379
1633405948 0.671724
1633406977 0.224483
1633407887 1.00586
1633408792 1.73966
1633409697 1.78621
1633409697 1.78621
1633412543 1.31966
1633414359 0.864828
1633416298 0.116897
1633417206 0.639655
1633418114 0.160345
1633420053 0.662414
1633421871 1.36724
1633421871 1.36724
1633422719 0.097931
1633423814 2.4569
1633424724 0.25069
1633425573 0.136897
1633427387 0.587931
1633428477 0.694483
1633429325 0.0834483
1633430234 0.175517
1633431145 0.53931
1633432235 3.58276
1633433084 0.622414
1633433992 0.944828
1633434902 0.0913793
1633435812 0.136207
1633436839 0.586552
1633437749 0.796207
1633438658 0.166897
1633439564 0.145862
1633440591 0.107586
1633442407 0.761034
1633443316 0.791379
1633444222 0.0951724
1633445252 1.22862
1633446161 0.108966
1633447069 0.198966
1633447978 0.587241
1633448888 6.24414
1633449917 0.103448
1633450827 2.16828
1633451735 0.0634483
1633454585 0.159655
1633455495 1.35517
1633456405 0.164138
1633458344 0.316897
1633459253 4.49414
1633460161 0.14
1633461010 0.128276
1633462101 0.254138
1633463010 0.84069
1633464767 1.56379
1633465675 0.815172
1633466766 0.132759
1633467614 0.118621
1633468524 0.197241
1633469431 0.8
1633470520 0.945862
1633471370 0.655517
1633472278 0.179655
1633473187 0.15069
1633474094 0.168276
1633475122 0.202069
1633476031 0.0841379
1633476031 0.0841379
1633476939 0.637241
1633477845 0.111034
1633478756 0.115172
1633479783 2.70724
1633480692 0.171034
1633481599 0.88931
1633483536 2.75931
1633484444 0.172759
1633485353 0.112759
1633486262 2.63897
1633487170 0.0886207
1633488199 1.02
1633489111 0.127586
1633490019 1.30931
1633490929 0.635862
1633491837 0.633793
1633492865 0.634483
1633493774 0.214138
1633494681 1.46345
1633495590 0.146207
1633496620 0.183448
1633497531 2.61931
1633498439 1.22621
1633499348 0.134483
1633500255 0.186552
1633500255 0.186552
1633501284 0.536897
1633502191 1.73862
1633503097 3.64621
1633504003 0.168276
1633505036 0.577931
1633506853 0.187931
1633507762 0.554138
1633508610 0.0424138
1633510609 0.0689655
1633512364 17.7941
1633514363 2.91828
1633515214 0.160345
1633516122 2.11931
1633517031 0.0855172
1633520781 1.06379
1633521689 0.124828
1633523628 0.193103
1633524536 0.735172
1633525446 -0.0162069
1633526476 0.164483
1633527387 0.628276
1633528297 0.15
1633529206 0.15931
1633530116 0.124483
1633531147 1.3631
1633532055 0.672069
1633532962 0.143448
1633533868 1.07966
1633534776 0.245862
1633536716 4.79
1633537626 0.215172
1633538533 0.144138
1633539562 1.05621
1633540472 0.131379
1633541381 0.117241
1633542289 1.66207
1633542289 1.66207
1633543194 0.174828
1633544223 0.73069
1633545131 0.116897
1633546038 0.0696552
1633546947 0.212069
1633547978 0.147931
1633548888 0.655172
1633549799 0.185862
1633550651 0.128621
1633551558 0.0486207
1633552647 0.0468966
1633553558 0.216207
1633554406 5.53207
1633555316 0.474138
1633556405 0.165862
1633558161 0.811724
1633559069 0.513793
1633559977 0.129655
1633561007 3.90897
1633562826 0.618621
1633563733 0.0955172
1633565671 0.55931
1633566577 2.25034
1633567485 0.577931
1633568392 0.801724
1633569421 0.63931
1633570331 1.94345
1633571238 0.184828
1633572147 0.139655
1633572147 0.139655
1633573053 1.09724
1633574083 0.757586
1633574083 0.757586
1633574083 0.757586
1633574991 0.647586
1633575898 1.40621
1633576805 0.262069
1633577714 2.05103
1633578745 1.56241
1633579655 0.0744828
1633580561 0.907586
1633581469 0.965172
1633583410 0.201034
1633584318 0.101379
1633585224 0.711034
1633586136 0.995517
1633588071 0.705862
1633588980 2.51793
1633589890 2.64897
1633591648 0.21069
1633592557 0.755172
1633593649 0.156207
1633594497 0.0882759
1633595404 1.98448
1633596312 1.01966
1633597219 0.182414
1633598250 0.216207
1633599159 0.587931
1633600069 3.22138
1633600976 2.57828
1633602916 0.126897
1633603825 1.41069
1633604733 3.9331
1633605642 0.103793
1633606673 0.627931
1633607582 6.90172
1633608492 0.133103
1633609396 2.29483
1633610424 0.124138
1633611331 0.166897
1633612240 0.904483
1633613151 1.81345
1633614060 0.0289655
1633615093 4.73345
1633616003 0.701724
1633616910 0.0893103
1633617820 0.105517
1633618849 0.620345
1633621578 0.144138
1633622424 0.744828
1633623516 0.145172
1633624423 1.19379
1633626179 1.02586
1633627085 0.806552
1633629084 0.0989655
1633629934 0.0968966
1633630844 0.878276
1633631934 0.184483
1633632784 0.184828
1633633692 0.18931
1633634600 0.135862
1633635505 1.46793
1633636533 0.168621
1633638349 2.00034
1633639257 1.42724
1633640166 3.83828
1633641195 0.199655
1633642103 1.87724
1633643009 0.145862
1633643917 0.147586
1633644947 0.112759
1633645855 0.944828
1633646762 0.605172
1633647670 1.6731
1633648578 0.731034
1633649608 0.712414
1633650514 0.192414
1633651421 0.153793
1633652331 1.49552
1633653360 0.175172
1633654265 0.803448
1633655173 0.164828
1633656083 0.15931
1633656994 2.51241
1633658023 0.627241
1633660746 3.96483
1633661774 0.130345
1633662683 1.66483
1633663590 1.31862
1633664498 0.694483
1633665408 0.131034
1633666439 2.41897
1633667347 0.0858621
1633669163 1.31793
1633671105 1.78655
1633672015 1.73517
1633672923 1.78034
1633673774 6.36586
1633674864 0.956552
1633676677 0.157241
1633677525 0.12
1633678614 0.619655
1633679520 0.157241
1633680426 0.107241
1633681333 1.2931
1633682180 0.16931
1633683270 0.708276
1633684179 0.684138
1633685084 0.662759
1633686844 1.01793
1633687934 1.36517
1633689690 2.83276
1633690597 0.163448
1633691688 0.234138
1633692598 0.0541379
1633693445 0.169655
1633694351 0.160345
1633695261 0.546207
1633696352 0.807241
1633696352 0.807241
1633697198 0.27931
1633698108 0.635517
1633699017 0.981034
1633699017 0.981034
1633699928 1.11897
1633700956 0.0603448
1633701864 0.872069
1633702771 0.101379
1633704707 0.936897
1633705615 0.0313793
1633706523 0.753103
1633707429 0.984483
1633709367 0.153793
1633710276 0.0558621
1633711185 0.477586
1633713122 0.147241
1633714028 0.645172
1633714936 0.129655
1633715845 0.595172
1633716751 0.222069
1633717781 0.607931
1633719597 0.643793
1633720505 1.96138
1633721536 0.593793
1633722444 0.153103
1633723354 0.667586
1633723354 0.667586
1633724260 0.0982759
1633725168 0.109655
1633726199 0.115862
1633727108 0.142069
1633728017 0.233793
1633728926 0.14069
1633729954 0.0217241
1633730864 1.02966
1633732680 0.148621
1633733588 0.17069
1633734617 0.0796552
1633735526 0.185517
1633736433 0.0655172
1633737341 2.76103
1633738191 0.116897
1633739281 0.233448
1633740189 0.766207
1633741096 0.640345
1633741943 3.26655
1633743032 0.638966
1633743940 0.193793
1633744848 0.59931
1633745693 1.08276
1633746602 0.103103
1633747690 0.23931
1633748600 0.682414
1633749446 0.803448
1633750354 0.572414
1633750354 0.572414
1633752350 0.151379
1633753257 1.70759
1633753257 1.70759
1633753257 1.70759
1633754102 0.0693103
1633755011 0.903103
1633755011 0.903103
1633756099 0.09
1633757006 0.667931
1633757855 2.74966
1633758763 0.98931
1633759671 0.114483
1633760759 2.61034
1633761609 0.643448
1633762520 1.75862
1633763427 2.08862
1633764517 0.152759
1633765366 0.131379
1633765366 0.131379
1633766278 0.0513793
1633767188 0.0906897
1633768095 0.142069
1633770032 0.625172
1633770942 1.16103
1633771849 1.31103
1633772877 0.194828
1633773785 0.163793
1633774695 1.13828
1633775605 0.209655
1633776516 0.151379
1633777545 0.223448
1633777545 0.223448
1633778453 0.622414
1633779361 0.163103
1633780270 0.106552
1633781178 0.12069
1633782210 0.78931
1633783119 0.882414
1633784030 3.50414
1633784938 0.122069
1633785970 0.194138
1633786881 0.737586
1633787792 0.635172
1633788638 0.767931
1633789547 1.8331
1633790635 0.646897
1633791544 3.34276
1633792395 0.148276
1633793304 3.72414
1633794212 2.8069
1633795241 0.15
1633796148 1.98345
1633797055 0.132759
1633797962 0.161034
1633799049 0.564828
1633800806 2.47414
1633801713 0.862759
1633801713 0.862759
1633803653 0.134483
1633803653 0.134483
1633804560 0.123448
1633805468 0.13
1633806375 0.133103
1633807407 0.62931
1633808317 0.853793
1633809227 3.22862
1633810134 0.174138
1633811042 0.0555172
1633812072 0.820345
1633812979 0.297586
1633813888 1.29655
1633814796 0.154483
1633815827 1.01034
1633816735 0.271034
1633817644 1.72483
1633818554 0.0824138
1633819461 4.21276
1633820489 0.13931
1633821396 0.0993103
1633822304 0.622069
1633823214 0.670345
1633824124 0.416897
1633825154 1.53276
1633826061 0.184828
1633826969 0.181724
1633828907 0.564138
1633829815 0.639655
1633830722 0.809655
1633831630 0.627931
1633831630 0.627931
1633832538 0.146552
1633833569 0.22931
1633834476 0.118276
1633835385 4.80931
1633836291 0.135517
1633838229 0.123793
1633839139 1.07655
1633839989 0.153793
1633840897 0.0975862
1633841985 0.143793
1633842893 1.16828
1633843741 0.08
1633844649 0.154483
1633845736 0.0827586
1633846643 1.18034
1633847549 1.03586
1633848396 5.21138
1633849304 0.0741379
1633851300 2.69138
1633852207 1.77931
1633853054 0.172759
1633853963 0.649655
1633855051 0.0806897
1633855961 3.44586
1633857714 0.147586
1633858803 0.0648276
1633859710 0.574138
1633860557 2.96793
1633862373 0.833448
1633863462 0.826897
1633864369 5.49103
1633865214 0.163448
1633866120 1.00069
1633867028 0.129655
1633868116 0.0837931
1633869025 0.0889655
1633869872 0.344483
1633870781 2.48862
1633872778 0.163103
1633872778 0.163103
1633874535 1.29483
1633875445 0.171724
1633876477 0.155172
1633877384 0.197241
1633878293 2.37069
1633879202 0.128966
1633880233 0.0986207
1633881140 1.37
1633882048 0.0968966
1633882958 1.00828
1633883868 0.64
1633884900 0.124828
1633885806 1.07966
1633886714 0.157586
1633887620 2.66138
1633888649 0.11069
1633889556 0.137586
1633890465 1.78552
1633891376 0.786552
1633892285 1.07138
1633893314 0.0686207
1633894222 0.133103
1633895133 1.05724
1633896041 0.626207
1633896953 0.097931
1633897982 0.09
1633897982 0.09
1633898892 3.04655
1633899799 0.112414
1633900648 0.181034
1633901740 0.132069
1633902650 0.656207
1633903559 1.04103
1633904405 1.4369
1633905313 2.38069
1633906405 0.324483
1633907311 0.706207
1633908158 0.103103
1633909066 2.19897
1633909973 0.0768966
1633911064 0.175172
1633911911 0.12069
1634006379 1.84276
1634007288 0.981724
1634009107 0.84931
1634010866 0.166897
1634011774 3.02414
1634013713 2.70379
1634014622 4.08828
1634016439 3.98345
1634020191 1.06552
1634021218 0.0637931
1634023035 0.0675862
1634023942 1.53241
1634024851 0.104483
1634025881 0.0927586
1634032363 0.175517
1634039868 0.101724
1634043627 0.0758621
1634045445 0.0765517
1634048295 0.65069
1634049202 0.0531034
1634051140 0.179655
1634052899 2.41345
1634053806 0.118276
1634054714 -0.0268966
1634054714 -0.0268966
1634058473 0.017931
1634059562 0.0872414
1634064172 0.113448
1634065079 0.504483
1634067929 1.07828
1634071561 0.0858621
1634072593 6.43414
1634073503 3.47
1634074413 0.0648276
1634077260 0.0548276
1634078171 0.0982759
1634079079 0.0541379
1634079926 0.101724
1634081017 0.637241
1634081927 0.0789655
1634085681 0.0524138
1634086591 0.0424138
1634087438 0.732759
1634174268 4.68931
1634175177 10.7952
1634176928 6.89621
1634178019 0.103103
1634178929 0.113448
1634181774 0.0641379
1634183588 0.614828
1634187343 2.63621
1634187343 2.63621
1634191042 1.82552
1634193767 0.814483
1634195703 0.137241
1634199456 0.0586207
1634202182 0.146207
1634204119 0.0893103
1634205029 0.146552
1634205937 0.0413793
1634205937 0.0413793
1634206847 0.985862
1634207879 1.05207
1634211628 0.23069
1634216295 0.15069
1634219022 0.177931
1634219868 0.0858621
1634225626 0.159655
1634227385 4.77793
1634229383 1.33828
